1982424
1873359
1946197
1933932
1977394
1897915
1956595
1983419
1984666
1965425
2002752
1862048
1977720
1979778
2003378
1939486
1847324
1998408
1896982
1888756
1937847
1866696
1961200
1913008
2002414
1992502
1877169
1913244
1857586
2901156
2917043
2003549
1926620
1938388
1870563
1948748
1865559
1929287
1888639
2004919
1881930
1998329
1970458
1864082
1955289
2009002
1947827
1968476
1969035
1949347
1887620
1955378
1926573
1991136
1989628
1886474
1965508
1857842
1960630
1964227
2016308
1854924
2009647
1913639
1976574
1890802
1889211
1918765
1975162
1900681
1951440
1888051
2008191
1848538
1955352
1877961
1863501
1885949
1874137
1892950
1971289
1890579
1972305
1884607
1999808
1903108
1989945
1956020
1994926
1860607
1899993
1887442
1967589